Gabriel, 20, 095096111, 11,04,2024  
Larissa, 25, 123456789, 22,05,2023  
Joao, 30, 321654987, 10,03,2022  
Mariana, 28, 456789123, 01,06,2022  
Lucas, 22, 741852963, 15,05,2023  
Camila, 27, 852963741, 18,04,2021  
Pedro, 35, 963741852, 05,02,2021  
Ana, 19, 159357258, 30,05,2024  
Felipe, 33, 258456159, 12,01,2020  
Juliana, 21, 357159456, 25,06,2020  
Sebastiao, 60, 111222333, 09,10,2019  
Dona Celia, 70, 444555666, 17,11,2018  
Seu Jose, 80, 777888999, 04,08,2018  
Eunice, 65, 101202303, 28,07,2017  
Odair, 75, 404505606, 19,12,2016  
